name : 太陽系デスコ
littleName : 太阳系迪斯科
path : songs/foundation_pack/solar_system.mp3
cover : images/start/songs/tyx.jpg
author : None 
noteDesigner : Time_emit
    (3, 1.35)
    (1, 1.613)
    (0, 1.81)
    (2, 2.223)
    (2, 2.613)
    (3, 3.053)
    (1, 3.252)
    (1, 3.621)
    (0, 3.841)
    (3, 4.051)
    (2, 4.247)
    (1, 4.425)
    (0, 4.603)
    (3, 4.803)
    (2, 5.261)
    (3, 5.413)
    (2, 5.583)
    (2, 5.779)
    (1, 5.982)
    (2, 6.183)
    (3, 6.422)
    (0, 6.624)
    (0, 6.816)
    (1, 7.03)
    (2, 7.421)
    (2, 7.842)
    (1, 8.036)
    (0, 8.262)
    (3, 8.656)
    (2, 9.038)
    (3, 9.452)
    (1, 9.655)
    (1, 10.048)
    (0, 10.267)
    (3, 10.494)
    (2, 10.682)
    (1, 10.857)
    (0, 11.034)
    (3, 11.238)
    (2, 11.668)
    (2, 11.823)
    (2, 11.974)
    (1, 12.19)
    (0, 12.63)
    (0, 12.814)
    (3, 13.017)
    (3, 13.202)
    (1, 13.411)
    (3, 13.797)
    (1, 14.232)
    (0, 14.676)
    (3, 15.232)
    (0, 15.439)
    (0, 17.823)
    (3, 18.456)
    (0, 18.663)
    (0, 20.984)
    (3, 21.619)
    (0, 21.798)
    (0, 24.109)
    (3, 24.789)
    (0, 24.979)
    (2, 27.322)
    (2, 27.615)
    (3, 27.724)
    (2, 27.888)
    (2, 28.087)
    (2, 28.399)
    (1, 28.593)
    (2, 28.764)
    (2, 29.152)
    (3, 29.368)
    (2, 29.55)
    (3, 29.734)
    (0, 29.934)
    (0, 30.174)
    (0, 30.357)
    (2, 30.597)
    (2, 30.844)
    (3, 30.949)
    (2, 31.061)
    (2, 31.244)
    (2, 31.626)
    (2, 31.821)
    (2, 32.026)
    (2, 32.388)
    (1, 32.601)
    (0, 32.807)
    (0, 32.993)
    (3, 33.787)
    (3, 33.986)
    (1, 34.245)
    (3, 34.456)
    (2, 34.841)
    (2, 35.033)
    (1, 35.227)
    (2, 35.639)
    (3, 35.832)
    (2, 36.021)
    (2, 36.412)
    (1, 36.595)
    (0, 36.817)
    (3, 37.029)
    (0, 37.241)
    (3, 37.428)
    (2, 37.645)
    (2, 38.033)
    (1, 38.233)
    (0, 38.447)
    (1, 38.659)
    (0, 39.013)
    (3, 39.414)
    (2, 39.794)
    (2, 40.183)
    (2, 40.484)
    (3, 40.597)
    (2, 40.713)
    (2, 41.198)
    (3, 41.436)
    (2, 41.616)
    (2, 42.03)
    (2, 42.22)
    (2, 42.435)
    (3, 42.625)
    (2, 42.805)
    (1, 43.02)
    (1, 43.224)
    (2, 43.465)
    (2, 43.671)
    (2, 43.781)
    (3, 43.885)
    (2, 44.025)
    (2, 44.441)
    (2, 44.633)
    (3, 44.853)
    (2, 45.322)
    (3, 45.505)
    (2, 45.665)
    (0, 45.854)
    (0, 46.57)
    (0, 46.783)
    (3, 46.968)
    (0, 47.201)
    (0, 47.628)
    (3, 47.814)
    (0, 48.03)
    (0, 48.427)
    (3, 48.648)
    (0, 48.838)
    (0, 49.089)
    (2, 49.444)
    (2, 49.651)
    (2, 49.839)
    (1, 50.035)
    (2, 50.265)
    (3, 50.433)
    (0, 50.824)
    (3, 51.017)
    (0, 51.22)
    (1, 51.424)
    (2, 51.806)
    (0, 52.191)
    (3, 52.599)
    (0, 52.968)
    (0, 53.276)
    (0, 53.412)
    (3, 53.581)
    (0, 53.771)
    (1, 54.568)
    (1, 54.895)
    (1, 55.007)
    (2, 55.228)
    (3, 55.414)
    (3, 55.78)
    (0, 55.978)
    (2, 56.224)
    (2, 56.643)
    (2, 57.032)
    (3, 57.438)
    (0, 57.625)
    (1, 57.853)
    (2, 59.066)
    (1, 59.257)
    (0, 59.478)
    (3, 59.817)
    (0, 60.236)
    (3, 60.668)
    (1, 60.851)
    (1, 61.23)
    (0, 61.448)
    (3, 61.622)
    (0, 61.796)
    (3, 61.999)
    (0, 62.18)
    (2, 62.378)
    (2, 62.817)
    (1, 63.014)
    (2, 63.215)
    (3, 63.402)
    (0, 63.605)
    (3, 63.823)
    (2, 64.067)
    (2, 64.26)
    (2, 64.416)
    (1, 64.632)
    (0, 65.007)
    (3, 65.41)
    (0, 65.604)
    (1, 65.826)
    (2, 66.224)
    (2, 66.454)
    (2, 66.652)
    (3, 67.035)
    (0, 67.25)
    (2, 67.635)
    (2, 67.819)
    (2, 68.021)
    (1, 68.201)
    (2, 68.408)
    (3, 68.622)
    (0, 68.802)
    (0, 69.222)
    (3, 69.306)
    (0, 69.393)
    (3, 69.571)
    (0, 69.794)
    (1, 70.198)
    (0, 70.405)
    (3, 70.595)
    (3, 70.77)
    (1, 71.0)
    (3, 71.388)
    (1, 71.838)
    (0, 72.253)
    (3, 72.778)
    (0, 73.019)
    (0, 73.761)
    (0, 74.01)
    (1, 74.186)
    (0, 74.42)
    (3, 74.611)
    (3, 75.062)
    (0, 75.263)
    (3, 75.446)
    (2, 75.983)
    (3, 76.162)
    (2, 76.935)
    (1, 77.143)
    (0, 77.328)
    (3, 77.539)
    (2, 77.741)
    (3, 77.922)
    (0, 78.088)
    (3, 78.286)
    (1, 78.798)
    (2, 79.218)
    (1, 79.38)
    (3, 80.15)
    (0, 80.367)
    (1, 80.56)
    (2, 80.753)
    (2, 80.948)
    (2, 81.142)
    (1, 81.279)
    (2, 81.468)
    (3, 81.652)
    (0, 81.807)
    (3, 82.326)
    (0, 82.523)
    (0, 83.164)
    (1, 83.346)
    (2, 83.756)
    (3, 84.158)
    (0, 84.543)
    (1, 84.939)
    (2, 85.369)
    (2, 85.578)
    (1, 85.785)
    (2, 86.206)
    (2, 86.4)
    (3, 86.612)
    (2, 86.979)
    (2, 87.165)
    (3, 87.386)
    (0, 87.769)
    (2, 88.189)
    (2, 88.608)
    (2, 88.786)
    (1, 89.004)
    (2, 89.462)
    (2, 89.629)
    (1, 89.841)
    (2, 90.216)
    (1, 90.445)
    (0, 90.627)
    (3, 91.013)
    (2, 91.433)
    (3, 91.855)
    (3, 92.038)
    (2, 92.218)
    (2, 92.627)
    (2, 92.809)
    (1, 93.043)
    (2, 93.4)
    (3, 93.629)
    (0, 93.822)
    (1, 94.213)
    (2, 94.618)
    (2, 95.033)
    (2, 95.222)
    (1, 95.408)
    (2, 95.797)
    (2, 95.987)
    (2, 96.199)
    (0, 96.587)
    (3, 96.785)
    (2, 97.001)
    (2, 97.369)
    (2, 97.796)
    (2, 98.124)
    (2, 98.404)
    (3, 98.606)
    (0, 98.855)
    (3, 98.931)
    (0, 99.229)
    (1, 99.329)
    (3, 99.617)
    (2, 99.698)
    (1, 99.815)
    (3, 100.014)
    (0, 100.134)
    (3, 100.227)
    (2, 100.457)
    (1, 100.538)
    (2, 100.847)
    (3, 101.035)
    (0, 101.324)
    (3, 101.587)
    (2, 101.755)
    (2, 102.058)
    (3, 102.365)
    (0, 102.536)
    (3, 102.93)
    (2, 103.335)
    (1, 103.748)
    (0, 104.175)
    (0, 104.529)
    (0, 104.811)
    (3, 104.984)
    (0, 105.252)
    (3, 105.311)
    (0, 105.604)
    (3, 105.685)
    (0, 105.816)
    (3, 105.892)
    (0, 106.027)
    (1, 106.157)
    (2, 106.291)
    (3, 106.396)
    (2, 106.498)
    (3, 106.607)
    (0, 106.837)
    (3, 106.95)
    (2, 107.224)
    (2, 107.426)
    (2, 107.754)
    (1, 108.018)
    (2, 108.164)
    (3, 108.499)
    (0, 108.755)
    (3, 108.858)
    (1, 108.962)
    (2, 109.38)
    (2, 109.771)
    (1, 110.174)
    (0, 110.596)
    (0, 110.84)
    (3, 110.927)
    (0, 111.038)
    (0, 111.191)
    (0, 111.597)
    (3, 111.777)
    (0, 111.942)
    (0, 112.437)
    (3, 112.613)
    (0, 112.802)
    (3, 113.013)
    (1, 113.2)
    (1, 113.404)
    (1, 113.637)
    (0, 113.839)
    (0, 114.058)
    (0, 114.163)
    (3, 114.272)
    (0, 114.399)
    (0, 114.868)
    (3, 115.041)
    (0, 115.194)
    (0, 115.636)
    (3, 115.813)
    (0, 115.991)
    (1, 116.174)
    (2, 116.963)
    (2, 117.194)
    (0, 117.439)
    (2, 117.655)
    (2, 118.042)
    (0, 118.235)
    (2, 118.452)
    (2, 118.833)
    (2, 119.007)
    (0, 119.234)
    (2, 119.404)
    (1, 119.589)
    (1, 119.809)
    (1, 119.987)
    (2, 120.195)
    (2, 120.4)
    (0, 120.607)
    (2, 120.807)
    (2, 121.22)
    (0, 121.476)
    (2, 121.655)
    (1, 121.84)
    (2, 122.218)
    (2, 122.611)
    (3, 122.982)
    (1, 123.38)
    (1, 123.698)
    (0, 123.839)
    (3, 124.05)
    (0, 124.227)
    (1, 124.981)
    (1, 125.335)
    (0, 125.424)
    (3, 125.638)
    (2, 125.823)
    (2, 126.21)
    (2, 126.375)
    (1, 126.601)
    (2, 127.044)
    (2, 127.428)
    (3, 127.853)
    (0, 128.02)
    (1, 128.22)
    (3, 129.419)
    (0, 129.641)
    (1, 129.813)
    (2, 130.226)
    (2, 130.651)
    (3, 131.076)
    (1, 131.257)
    (1, 131.617)
    (2, 131.812)
    (2, 131.986)
    (2, 132.202)
    (1, 132.392)
    (2, 132.575)
    (3, 132.764)
    (0, 133.241)
    (0, 133.415)
    (0, 133.603)
    (3, 133.786)
    (0, 134.018)
    (3, 134.227)
    (0, 134.417)
    (2, 134.634)
    (2, 134.835)
    (2, 135.048)
    (1, 135.396)
    (0, 135.845)
    (1, 136.017)
    (2, 136.218)
    (3, 136.619)
    (2, 137.028)
    (0, 137.415)
    (0, 137.634)
    (1, 137.996)
    (2, 138.195)
    (3, 138.362)
    (0, 138.555)
    (3, 138.752)
    (2, 138.956)
    (1, 139.161)
    (0, 139.613)
    (3, 139.76)
    (2, 139.969)
    (1, 140.153)
    (2, 140.592)
    (1, 140.759)
    (1, 141.153)
    (1, 141.313)
    (0, 141.737)
    (2, 142.181)
    (2, 142.362)
    (1, 142.597)
    (0, 143.035)
    (3, 143.433)
    (2, 143.846)
    (1, 144.062)
    (1, 144.433)
    (1, 144.612)
    (2, 144.784)
    (2, 145.06)
    (1, 145.208)
    (0, 145.411)
    (3, 145.626)
    (2, 146.005)
    (3, 146.208)
    (2, 146.396)
    (3, 146.612)
    (2, 146.841)
    (3, 147.032)
    (2, 147.251)
    (3, 147.448)
    (2, 147.629)
    (0, 147.848)
    (1, 148.245)
    (2, 148.658)
    (2, 148.818)
    (1, 149.046)
    (2, 149.419)
    (0, 149.788)
    (3, 150.231)
    (1, 150.504)
    (1, 150.846)
    (2, 151.056)
    (1, 151.243)
    (2, 151.443)
    (1, 151.653)
    (0, 151.894)
    (3, 152.053)
    (2, 152.449)
    (2, 152.648)
    (2, 152.818)
    (1, 153.026)
    (0, 153.431)
    (0, 153.686)
    (3, 153.84)
    (3, 154.028)
    (0, 154.256)
    (3, 154.62)
    (1, 155.03)
    (1, 155.195)
    (0, 155.421)
    (2, 155.832)
    (2, 156.237)
    (1, 156.634)
    (0, 156.861)
    (3, 157.239)
    (0, 157.416)
    (1, 157.592)
    (2, 157.8)
    (2, 157.971)
    (1, 158.188)
    (0, 158.372)
    (0, 158.812)
    (3, 158.933)
    (0, 159.02)
    (3, 159.17)
    (0, 159.372)
    (3, 159.536)
    (0, 159.73)
    (3, 159.877)
    (0, 160.08)
    (1, 160.274)
    (2, 160.43)
    (3, 160.619)
    (1, 161.005)
    (2, 161.44)
    (2, 161.61)
    (1, 161.803)
    (0, 162.235)
    (3, 162.614)
    (3, 163.046)
    (1, 163.241)
    (1, 163.604)
    (2, 163.841)
    (0, 163.841)
    (1, 164.044)
    (2, 164.233)
    (1, 164.385)
    (2, 164.601)
    (3, 164.788)
    (3, 165.198)
    (0, 165.291)
    (3, 165.358)
    (0, 165.48)
    (3, 165.602)
    (1, 165.783)
    (0, 166.263)
    (3, 166.424)
    (3, 166.617)
    (3, 166.811)
    (1, 167.032)
    (3, 167.388)
    (1, 167.792)
    (0, 168.264)
    (3, 168.837)
    (0, 169.029)
    (2, 169.824)
    (2, 169.986)
    (1, 170.205)
    (2, 170.396)
    (2, 170.596)
    (2, 170.786)
    (3, 170.977)
    (0, 171.205)
    (1, 171.473)
    (2, 172.03)
    (1, 172.244)
    (0, 173.007)
    (0, 173.195)
    (1, 173.439)
    (0, 173.646)
    (3, 173.836)
    (2, 174.03)
    (1, 174.26)
    (2, 174.669)
    (1, 175.239)
    (2, 175.455)
    (2, 176.135)
    (1, 176.339)
    (2, 176.546)
    (3, 176.78)
    (0, 176.965)
    (3, 177.174)
    (2, 177.395)
    (1, 177.585)
    (2, 177.799)
    (0, 178.35)
    (1, 178.559)
    (3, 179.198)
    (1, 179.37)
    (0, 179.832)
    (3, 180.217)
    (2, 180.667)
    (3, 181.043)
    (3, 182.596)
    (3, 183.046)
    (1, 183.248)
    (1, 183.44)
    (0, 183.808)
    (0, 184.004)
    (3, 184.194)
    (0, 184.607)
    (3, 184.821)
    (0, 185.04)
    (1, 185.382)
    (3, 185.842)
    (3, 186.21)
    (3, 186.393)
    (1, 186.597)
    (0, 187.045)
    (0, 187.214)
    (2, 187.433)
    (2, 187.817)
    (1, 188.02)
    (0, 188.246)
    (3, 188.603)
    (3, 189.012)
    (2, 189.433)
    (2, 189.634)
    (1, 189.839)
    (2, 190.272)
    (2, 190.456)
    (3, 190.648)
    (2, 191.006)
    (3, 191.204)
    (2, 191.442)
    (1, 191.807)
    (3, 192.227)
    (3, 192.621)
    (2, 192.809)
    (1, 193.053)
    (1, 193.435)
    (2, 193.71)
    (3, 193.867)
    (1, 194.222)
    (0, 194.432)
    (0, 194.611)
    (1, 195.015)
    (3, 195.515)
