name : His Theme
littleName : His Theme
path : songs/foundation_pack/his_theme.mp3
cover : images/start/songs/his_theme.jpg
author : None 
noteDesigner : Time_emit
    (3, 0.245)
    (1, 0.572)
    (0, 0.853)
    (3, 1.178)
    (2, 1.494)
    (2, 2.043)
    (1, 2.497)
    (3, 3.189)
    (1, 3.491)
    (3, 3.809)
    (0, 4.141)
    (0, 4.655)
    (1, 5.153)
    (3, 5.47)
    (1, 5.779)
    (0, 6.13)
    (2, 6.517)
    (1, 6.839)
    (1, 7.386)
    (1, 7.876)
    (3, 8.532)
    (0, 8.835)
    (1, 9.145)
    (2, 9.456)
    (3, 10.038)
    (1, 10.57)
    (3, 10.862)
    (1, 11.176)
    (0, 11.504)
    (3, 11.846)
    (2, 12.18)
    (2, 12.74)
    (1, 13.146)
    (3, 13.828)
    (1, 14.1)
    (3, 14.438)
    (2, 14.799)
    (2, 15.331)
    (1, 15.817)
    (3, 16.172)
    (1, 16.5)
    (0, 16.856)
    (3, 17.176)
    (2, 17.493)
    (2, 18.01)
    (1, 18.513)
    (3, 19.232)
    (0, 19.554)
    (1, 19.889)
    (2, 20.163)
    (3, 20.697)
    (2, 21.191)
    (3, 21.493)
    (1, 21.79)
    (0, 22.146)
    (3, 22.47)
    (2, 22.874)
    (2, 23.355)
    (1, 23.817)
    (3, 24.5)
    (1, 24.772)
    (3, 25.128)
    (2, 25.465)
    (2, 25.984)
    (1, 26.525)
    (3, 26.836)
    (1, 27.13)
    (0, 27.499)
    (3, 27.819)
    (2, 28.178)
    (2, 28.766)
    (1, 29.176)
    (3, 29.873)
    (0, 30.189)
    (1, 30.485)
    (2, 30.794)
    (3, 31.357)
    (2, 31.882)
    (3, 32.18)
    (1, 32.518)
    (0, 32.863)
    (3, 33.176)
    (2, 33.508)
    (2, 34.042)
    (1, 34.538)
    (3, 35.195)
    (1, 35.468)
    (3, 35.809)
    (2, 36.162)
    (2, 36.716)
    (1, 37.198)
    (3, 37.556)
    (1, 37.802)
    (2, 38.149)
    (3, 38.505)
    (2, 38.922)
    (2, 39.4)
    (1, 39.866)
    (3, 40.56)
    (0, 40.857)
    (1, 41.183)
    (2, 41.521)
    (3, 42.023)
    (1, 42.558)
    (3, 42.831)
    (2, 43.214)
    (3, 43.554)
    (2, 43.871)
    (1, 44.199)
    (3, 44.719)
    (1, 45.212)
    (3, 45.886)
    (1, 46.161)
    (3, 46.524)
    (0, 46.887)
    (0, 47.421)
    (1, 47.875)
    (3, 48.172)
    (1, 48.514)
    (0, 48.877)
    (3, 49.171)
    (2, 49.552)
    (2, 50.07)
    (1, 50.511)
    (3, 51.221)
    (0, 51.524)
    (1, 51.84)
    (2, 52.18)
    (2, 52.751)
    (1, 53.187)
    (3, 53.505)
    (1, 53.849)
    (0, 54.194)
    (3, 54.513)
    (2, 54.884)
    (2, 55.377)
    (1, 55.861)
    (3, 56.548)
    (1, 56.849)
    (3, 57.169)
    (2, 57.505)
    (2, 58.031)
    (1, 58.523)
    (3, 58.847)
    (1, 59.167)
    (0, 59.505)
    (3, 59.795)
    (2, 60.178)
    (2, 60.706)
    (1, 61.19)
    (3, 61.882)
    (0, 62.194)
    (1, 62.51)
    (0, 62.832)
    (3, 63.403)
    (0, 63.87)
    (3, 64.175)
    (1, 64.492)
    (0, 64.861)
    (3, 65.171)
    (2, 65.482)
    (2, 66.002)
    (1, 66.493)
    (3, 67.175)
    (1, 67.486)
    (3, 67.822)
    (2, 68.163)
    (2, 68.681)
    (1, 69.159)
    (3, 69.507)
    (1, 69.808)
    (0, 70.171)
    (3, 70.452)
    (2, 70.804)
    (2, 71.33)
    (1, 71.823)
    (3, 72.554)
    (0, 72.829)
    (1, 73.184)
    (2, 73.507)
    (3, 74.039)
    (2, 74.505)
    (3, 74.829)
    (1, 75.174)
    (0, 75.527)
    (3, 75.851)
    (2, 76.134)
    (2, 76.71)
    (1, 77.163)
    (3, 77.904)
    (1, 78.187)
    (3, 78.517)
    (2, 78.854)
    (2, 79.403)
    (1, 79.872)
    (3, 80.209)
    (1, 80.5)
    (0, 80.857)
    (3, 81.146)
    (2, 81.512)
    (2, 82.077)
    (1, 82.52)
    (3, 83.224)
    (0, 83.546)
    (1, 83.857)
    (2, 84.194)
    (3, 84.715)
    (2, 85.222)
    (3, 85.518)
    (1, 85.821)
    (0, 86.169)
    (3, 86.467)
    (2, 86.806)
    (2, 87.346)
    (1, 87.812)
    (3, 88.549)
    (1, 88.932)
    (3, 89.195)
    (2, 89.553)
    (2, 90.056)
    (1, 90.553)
    (3, 90.833)
    (1, 91.133)
    (0, 91.515)
    (3, 91.804)
    (2, 92.15)
    (2, 92.729)
    (1, 93.168)
    (3, 93.911)
    (0, 94.219)
    (1, 94.489)
    (2, 94.826)
    (3, 95.354)
    (2, 95.864)
    (3, 96.17)
    (1, 96.535)
    (0, 96.869)
    (3, 97.175)
    (2, 97.467)
    (2, 98.058)
    (1, 98.488)
    (3, 99.199)
    (1, 99.464)
    (3, 99.826)
    (2, 100.161)
    (2, 100.685)
    (1, 101.178)
    (3, 101.502)
    (1, 101.846)
    (0, 102.171)
    (3, 102.49)
    (2, 102.826)
    (2, 103.4)
    (1, 103.918)
    (3, 104.548)
    (0, 104.879)
    (1, 105.175)
    (2, 105.519)
    (3, 106.06)
    (2, 106.532)
    (3, 106.861)
    (1, 107.148)
    (0, 107.508)
    (3, 107.805)
    (2, 108.129)
    (2, 108.739)
    (1, 109.191)
    (3, 109.895)
    (1, 110.227)
    (3, 110.538)
    (2, 110.864)
    (2, 111.385)
    (1, 111.854)
    (3, 112.183)
    (1, 112.511)
    (0, 112.847)
    (3, 113.179)
    (2, 113.497)
    (2, 114.069)
    (1, 114.528)
    (3, 115.186)
    (0, 115.495)
    (1, 115.815)
    (2, 116.174)
    (3, 116.701)
    (2, 117.193)
