name : KING
littleName : KING
path : songs/foundation_pack/KING.mp3
cover : images/start/songs/KING.jpg
author : None
noteDesigner : None
    (3, 0.368)
    (0, 0.708)
    (0, 0.882)
    (0, 1.065)
    (2, 1.263)
    (0, 1.445)
    (2, 1.654)
    (0, 1.839)
    (0, 1.99)
    (0, 2.165)
    (2, 2.339)
    (0, 2.546)
    (3, 3.207)
    (1, 3.592)
    (0, 3.738)
    (2, 3.911)
    (0, 4.066)
    (3, 4.196)
    (0, 4.349)
    (1, 4.53)
    (2, 4.713)
    (0, 4.872)
    (0, 5.033)
    (0, 5.175)
    (1, 5.354)
    (2, 5.728)
    (3, 6.097)
    (1, 6.437)
    (0, 6.588)
    (2, 6.754)
    (0, 6.928)
    (3, 7.09)
    (0, 7.229)
    (1, 7.407)
    (2, 7.605)
    (0, 7.779)
    (3, 7.935)
    (0, 8.105)
    (0, 8.292)
    (1, 9.018)
    (0, 9.387)
    (3, 9.559)
    (2, 9.747)
    (1, 9.9)
    (0, 10.08)
    (3, 10.256)
    (2, 10.429)
    (1, 10.581)
    (0, 10.778)
    (3, 10.937)
    (2, 11.078)
    (1, 11.278)
    (0, 11.612)
    (0, 11.976)
    (1, 12.293)
    (2, 12.459)
    (3, 12.634)
    (0, 12.791)
    (1, 12.988)
    (2, 13.18)
    (3, 13.349)
    (0, 13.51)
    (1, 13.716)
    (2, 13.875)
    (3, 14.072)
    (0, 14.791)
    (2, 15.348)
    (0, 15.508)
    (3, 16.059)
    (2, 16.34)
    (0, 16.487)
    (1, 16.863)
    (2, 17.238)
    (0, 17.656)
    (2, 17.981)
    (0, 18.185)
    (2, 18.364)
    (3, 18.758)
    (2, 18.944)
    (2, 19.297)
    (1, 19.49)
    (0, 19.789)
    (0, 20.25)
    (3, 20.573)
    (0, 21.184)
    (1, 21.394)
    (2, 21.828)
    (3, 22.237)
    (2, 22.388)
    (1, 22.74)
    (0, 23.119)
    (2, 23.442)
    (0, 23.831)
    (3, 24.038)
    (1, 24.598)
    (2, 24.77)
    (3, 25.156)
    (0, 25.283)
    (2, 25.636)
    (1, 26.58)
    (0, 26.74)
    (3, 26.903)
    (2, 27.043)
    (2, 27.222)
    (2, 27.377)
    (1, 27.522)
    (2, 27.726)
    (3, 27.908)
    (0, 28.066)
    (3, 28.26)
    (2, 28.433)
    (1, 28.62)
    (0, 28.915)
    (3, 29.151)
    (2, 29.501)
    (1, 29.642)
    (2, 29.809)
    (3, 29.982)
    (0, 30.158)
    (3, 30.366)
    (2, 30.543)
    (3, 30.686)
    (2, 30.867)
    (2, 31.045)
    (1, 31.21)
    (2, 31.378)
    (2, 31.514)
    (0, 31.768)
    (3, 32.009)
    (2, 32.336)
    (1, 32.502)
    (2, 32.674)
    (3, 32.814)
    (0, 32.982)
    (3, 33.152)
    (2, 33.32)
    (1, 33.497)
    (2, 33.673)
    (3, 33.868)
    (0, 34.047)
    (3, 34.22)
    (2, 34.394)
    (1, 34.671)
    (0, 34.904)
    (0, 35.303)
    (2, 35.506)
    (0, 35.653)
    (3, 35.833)
    (0, 36.005)
    (1, 36.175)
    (2, 36.378)
    (1, 36.55)
    (0, 36.918)
    (3, 37.277)
    (1, 37.581)
    (0, 37.943)
    (2, 39.463)
    (2, 39.77)
    (0, 40.154)
    (1, 41.229)
    (0, 41.404)
    (3, 41.571)
    (2, 41.743)
    (2, 41.888)
    (1, 42.057)
    (2, 42.211)
    (3, 42.363)
    (0, 42.549)
    (3, 42.723)
    (2, 42.882)
    (1, 43.061)
    (0, 43.387)
    (3, 43.613)
    (2, 44.103)
    (1, 44.296)
    (2, 44.469)
    (3, 44.646)
    (0, 44.838)
    (3, 45.0)
    (2, 45.193)
    (1, 45.373)
    (2, 45.568)
    (3, 45.748)
    (0, 45.941)
    (3, 46.117)
    (2, 46.29)
    (0, 46.476)
    (1, 47.003)
    (2, 47.197)
    (3, 47.391)
    (0, 47.574)
    (3, 47.723)
    (2, 47.932)
    (1, 48.116)
    (2, 48.289)
    (3, 48.428)
    (0, 48.64)
    (3, 48.815)
    (2, 49.126)
    (1, 49.349)
    (0, 49.903)
    (2, 50.093)
    (0, 50.279)
    (3, 50.416)
    (0, 50.614)
    (1, 50.762)
    (2, 50.915)
    (2, 51.316)
    (0, 51.702)
    (2, 52.042)
    (1, 52.409)
    (2, 52.794)
    (1, 53.193)
    (3, 53.563)
    (2, 54.081)
    (3, 54.434)
    (2, 54.606)
    (0, 54.784)
    (2, 54.963)
    (3, 55.138)
    (2, 55.333)
    (2, 55.93)
    (2, 56.245)
    (2, 56.627)
    (0, 56.929)
    (0, 57.115)
    (2, 57.37)
    (0, 57.554)
    (0, 57.694)
    (2, 57.89)
    (3, 58.277)
    (1, 58.969)
    (2, 59.827)
    (0, 60.169)
    (2, 60.35)
    (3, 60.536)
    (0, 60.714)
    (3, 60.895)
    (2, 61.098)
    (3, 61.666)
    (3, 62.027)
    (3, 62.401)
    (0, 62.728)
    (0, 62.902)
    (1, 63.279)
    (2, 63.637)
    (0, 63.999)
    (0, 64.321)
    (0, 64.517)
    (0, 64.713)
    (0, 64.894)
    (0, 65.11)
    (0, 65.304)
    (0, 65.511)
    (0, 65.794)
    (0, 65.937)
    (0, 66.078)
    (0, 66.238)
    (0, 66.516)
    (0, 66.858)
    (0, 67.202)
    (0, 67.391)
    (2, 67.572)
    (0, 67.781)
    (2, 67.976)
    (0, 68.17)
    (2, 68.342)
    (0, 68.538)
    (0, 68.704)
    (0, 68.875)
    (2, 69.07)
    (0, 69.388)
    (3, 69.725)
    (1, 70.141)
    (3, 70.368)
    (1, 70.527)
    (3, 70.703)
    (1, 70.912)
    (3, 71.087)
    (1, 71.254)
    (3, 71.424)
    (1, 71.599)
    (3, 71.775)
    (1, 71.99)
    (0, 72.657)
    (2, 73.035)
    (0, 73.214)
    (2, 73.388)
    (0, 73.567)
    (2, 73.755)
    (0, 73.932)
    (2, 74.117)
    (0, 74.315)
    (2, 74.494)
    (0, 74.674)
    (2, 74.844)
    (0, 75.196)
    (3, 75.538)
    (1, 75.927)
    (3, 76.072)
    (1, 76.265)
    (3, 76.471)
    (1, 76.628)
    (3, 76.8)
    (1, 76.966)
    (3, 77.146)
    (1, 77.326)
    (3, 77.466)
    (1, 77.622)
    (0, 78.401)
    (3, 78.657)
    (0, 78.828)
    (3, 79.041)
    (0, 79.175)
    (1, 79.41)
    (0, 79.578)
    (0, 79.894)
    (2, 80.043)
    (0, 80.188)
    (2, 80.296)
    (0, 80.511)
    (3, 80.696)
    (0, 80.863)
    (1, 81.059)
    (2, 81.228)
    (3, 81.425)
    (0, 81.582)
    (3, 81.743)
    (2, 81.916)
    (1, 82.074)
    (0, 82.282)
    (0, 82.479)
    (0, 82.838)
    (2, 82.979)
    (0, 83.158)
    (2, 83.24)
    (3, 83.474)
    (0, 83.614)
    (1, 83.778)
    (2, 83.923)
    (2, 84.292)
    (1, 84.437)
    (0, 84.608)
    (3, 84.786)
    (2, 84.961)
    (1, 85.15)
    (0, 85.335)
    (0, 85.683)
    (2, 85.813)
    (0, 85.983)
    (2, 86.075)
    (3, 86.309)
    (1, 86.48)
    (2, 86.675)
    (0, 86.853)
    (2, 87.036)
    (0, 87.207)
    (2, 87.39)
    (3, 87.564)
    (1, 87.745)
    (0, 87.902)
    (2, 88.107)
    (0, 88.28)
    (3, 88.638)
    (1, 88.767)
    (2, 88.92)
    (3, 89.069)
    (0, 89.207)
    (3, 89.385)
    (2, 89.529)
    (1, 89.697)
    (0, 89.878)
    (3, 90.053)
    (0, 90.382)
    (0, 90.579)
    (2, 90.757)
    (0, 90.933)
    (2, 91.107)
    (3, 91.342)
    (1, 91.472)
    (2, 91.66)
    (0, 91.852)
    (2, 92.023)
    (1, 92.205)
    (0, 92.503)
    (3, 92.76)
    (1, 93.215)
    (0, 93.38)
    (3, 93.574)
    (2, 93.748)
    (2, 93.928)
    (2, 94.063)
    (2, 94.247)
    (0, 94.417)
    (2, 94.576)
    (0, 94.768)
    (2, 94.945)
    (3, 95.139)
    (1, 95.344)
    (2, 95.505)
    (0, 95.679)
    (2, 96.132)
    (2, 96.338)
    (3, 96.507)
    (0, 96.684)
    (1, 96.871)
    (2, 97.047)
    (3, 97.261)
    (0, 97.419)
    (0, 97.629)
    (0, 97.81)
    (3, 97.947)
    (2, 98.229)
    (1, 98.485)
    (0, 99.019)
    (2, 99.203)
    (0, 99.375)
    (2, 99.551)
    (0, 99.716)
    (2, 99.847)
    (0, 100.0)
    (3, 100.169)
    (1, 100.489)
    (2, 100.859)
    (1, 101.176)
    (3, 101.588)
    (1, 102.286)
    (0, 103.216)
    (2, 103.524)
    (0, 103.682)
    (3, 103.827)
    (0, 103.999)
    (1, 104.154)
    (2, 104.306)
    (0, 104.496)
    (2, 104.94)
    (2, 105.378)
    (2, 105.707)
    (0, 106.122)
    (2, 106.271)
    (0, 106.46)
    (3, 106.619)
    (2, 106.798)
    (1, 106.996)
    (3, 107.38)
    (1, 108.097)
    (0, 108.963)
    (2, 109.317)
    (0, 109.479)
    (3, 109.657)
    (0, 109.83)
    (0, 109.985)
    (1, 110.174)
    (2, 110.317)
    (0, 110.815)
    (0, 111.196)
    (0, 111.539)
    (2, 111.882)
    (2, 112.038)
    (3, 112.458)
    (1, 112.758)
    (0, 113.119)
    (3, 113.542)
    (0, 113.71)
    (1, 113.916)
    (2, 114.086)
    (3, 114.275)
    (0, 114.452)
    (3, 114.66)
    (2, 114.819)
    (2, 114.987)
    (1, 115.159)
    (0, 115.358)
    (0, 115.714)
    (2, 116.013)
    (0, 116.366)
    (2, 116.554)
    (0, 116.745)
    (2, 116.917)
    (0, 117.098)
    (3, 117.308)
    (2, 117.518)
    (1, 117.711)
    (2, 117.887)
    (3, 118.039)
    (0, 118.229)
    (2, 118.579)
    (0, 118.946)
    (2, 119.293)
    (0, 119.48)
    (2, 119.644)
    (0, 119.836)
    (2, 119.998)
    (0, 120.182)
    (3, 120.356)
    (2, 120.544)
    (1, 120.728)
    (2, 120.882)
    (3, 121.095)
    (0, 121.278)
    (0, 121.596)
    (2, 121.851)
    (2, 122.184)
    (1, 122.35)
    (2, 122.501)
    (3, 122.674)
    (0, 122.861)
    (2, 123.074)
    (2, 123.247)
    (2, 123.405)
    (0, 123.544)
    (3, 123.717)
    (2, 123.911)
    (1, 124.284)
    (0, 124.701)
    (0, 125.028)
    (2, 125.195)
    (0, 125.387)
    (2, 125.552)
    (0, 125.701)
    (2, 125.836)
    (0, 125.997)
    (3, 126.192)
    (2, 126.358)
    (1, 126.512)
    (2, 126.679)
    (0, 126.887)
    (2, 127.2)
    (0, 127.363)
    (3, 127.505)
    (2, 127.736)
    (2, 128.014)
    (2, 128.349)
    (2, 128.711)
    (0, 129.052)
    (0, 129.391)
    (0, 129.741)
    (0, 130.105)
    (1, 130.421)
    (1, 130.78)
    (1, 131.136)
    (1, 131.494)
    (3, 131.864)
    (3, 132.216)
    (3, 132.579)
    (3, 132.95)
    (2, 133.241)
    (0, 133.362)
