name : 缶ビール
littleName : 罐装啤酒
path : songs/foundation_pack/缶ビール.mp3
cover : images/start/songs/缶ビール.jpg
author : None 
noteDesigner : Time_emit
    (3, 0.579)
    (1, 0.975)
    (0, 1.257)
    (3, 1.919)
    (1, 2.557)
    (0, 3.102)
    (3, 3.358)
    (2, 4.176)
    (3, 4.745)
    (2, 5.293)
    (1, 5.56)
    (2, 6.391)
    (0, 7.008)
    (0, 7.508)
    (0, 8.039)
    (1, 9.182)
    (0, 9.473)
    (3, 9.751)
    (0, 10.024)
    (3, 10.192)
    (0, 10.348)
    (3, 10.614)
    (1, 10.76)
    (0, 11.154)
    (3, 11.3)
    (0, 11.656)
    (1, 11.78)
    (2, 11.973)
    (2, 12.269)
    (1, 12.396)
    (0, 12.717)
    (3, 12.843)
    (0, 13.124)
    (1, 13.489)
    (2, 13.622)
    (2, 13.934)
    (3, 14.062)
    (0, 14.254)
    (3, 14.38)
    (2, 14.531)
    (3, 14.77)
    (0, 15.34)
    (3, 15.511)
    (0, 15.795)
    (1, 15.902)
    (2, 16.178)
    (1, 16.342)
    (2, 16.448)
    (3, 16.804)
    (0, 16.951)
    (3, 17.516)
    (1, 18.097)
    (0, 18.379)
    (3, 18.562)
    (0, 18.709)
    (1, 19.007)
    (2, 19.125)
    (2, 19.7)
    (1, 19.861)
    (2, 20.116)
    (3, 20.379)
    (0, 20.485)
    (3, 20.694)
    (2, 20.866)
    (2, 21.218)
    (3, 21.326)
    (2, 21.603)
    (1, 22.05)
    (2, 22.222)
    (3, 22.35)
    (0, 22.634)
    (3, 22.759)
    (0, 22.927)
    (3, 23.096)
    (0, 23.245)
    (0, 23.489)
    (1, 23.627)
    (0, 23.752)
    (0, 24.298)
    (3, 24.637)
    (0, 24.833)
    (3, 25.109)
    (0, 25.389)
    (3, 25.642)
    (1, 25.951)
    (0, 26.999)
    (3, 27.294)
    (2, 27.568)
    (3, 27.852)
    (1, 28.133)
    (3, 29.0)
    (0, 29.266)
    (3, 29.643)
    (3, 29.855)
    (2, 30.089)
    (1, 30.39)
    (3, 30.937)
    (0, 31.062)
    (3, 31.188)
    (2, 31.346)
    (1, 31.497)
    (2, 31.728)
    (3, 31.853)
    (0, 32.0)
    (1, 32.285)
    (0, 34.282)
    (3, 34.386)
    (0, 34.637)
    (1, 35.063)
    (0, 35.211)
    (3, 35.83)
    (0, 36.091)
    (3, 36.411)
    (2, 36.728)
    (1, 36.848)
    (0, 37.186)
    (3, 37.568)
    (2, 37.755)
    (3, 37.909)
    (2, 38.166)
    (3, 38.319)
    (0, 38.448)
    (3, 38.77)
    (2, 39.005)
    (1, 39.102)
    (0, 39.428)
    (3, 40.179)
    (0, 40.373)
    (1, 40.499)
    (0, 40.71)
    (3, 40.95)
    (0, 41.079)
    (3, 41.254)
    (0, 41.363)
    (1, 41.767)
    (2, 42.326)
    (3, 42.578)
    (0, 42.834)
    (3, 43.11)
    (2, 43.373)
    (1, 43.628)
    (0, 44.054)
    (1, 44.162)
    (0, 44.53)
    (3, 44.681)
    (0, 44.787)
    (0, 46.824)
    (3, 47.036)
    (0, 47.297)
    (3, 47.614)
    (0, 47.746)
    (1, 47.965)
    (0, 48.625)
    (3, 49.267)
    (0, 49.575)
    (3, 49.725)
    (0, 53.935)
    (3, 54.521)
    (1, 55.251)
    (2, 55.722)
    (3, 56.469)
    (0, 56.685)
    (1, 57.373)
    (0, 58.026)
    (3, 58.52)
    (0, 58.837)
    (1, 59.636)
    (0, 60.26)
    (3, 60.842)
    (1, 61.386)
    (0, 62.552)
    (1, 62.784)
    (0, 63.09)
    (3, 63.354)
    (0, 63.534)
    (1, 63.686)
    (0, 63.957)
    (3, 64.089)
    (0, 64.219)
    (1, 64.577)
    (0, 64.753)
    (3, 65.057)
    (0, 65.188)
    (1, 65.488)
    (3, 65.738)
    (0, 66.1)
    (1, 66.417)
    (2, 67.0)
    (3, 67.252)
    (0, 67.491)
    (3, 67.637)
    (2, 67.857)
    (1, 67.986)
    (2, 68.203)
    (3, 68.434)
    (0, 68.577)
    (3, 68.818)
    (2, 68.913)
    (2, 69.191)
    (3, 69.319)
    (0, 69.579)
    (3, 69.71)
    (2, 70.049)
    (1, 70.183)
    (0, 70.315)
    (1, 70.614)
    (1, 70.918)
    (2, 71.464)
    (3, 71.72)
    (0, 71.878)
    (3, 71.992)
    (2, 72.243)
    (3, 72.55)
    (0, 72.745)
    (3, 72.878)
    (2, 73.009)
    (1, 73.388)
    (2, 73.519)
    (3, 73.712)
    (0, 73.913)
    (3, 74.069)
    (2, 74.209)
    (1, 74.522)
    (2, 74.737)
    (1, 74.89)
    (0, 75.283)
    (3, 75.707)
    (0, 75.886)
    (3, 76.17)
    (2, 76.301)
    (1, 76.42)
    (0, 76.668)
    (3, 76.826)
    (2, 77.218)
    (1, 77.585)
    (0, 77.959)
    (3, 78.152)
    (0, 78.285)
    (1, 78.548)
    (0, 79.017)
    (3, 79.179)
    (0, 79.27)
    (1, 79.531)
    (2, 79.835)
    (3, 80.352)
    (0, 80.631)
    (1, 81.147)
    (2, 81.68)
    (3, 82.117)
    (0, 82.926)
    (3, 83.283)
    (0, 84.667)
    (1, 85.135)
    (1, 85.561)
    (3, 86.158)
    (0, 86.599)
    (3, 87.418)
    (1, 87.811)
    (2, 89.125)
    (1, 89.625)
    (2, 90.047)
    (3, 90.563)
    (0, 91.28)
    (3, 91.543)
    (0, 91.78)
    (1, 92.065)
    (2, 92.326)
    (2, 93.04)
    (0, 94.897)
    (3, 95.044)
    (0, 95.239)
    (1, 95.553)
    (2, 95.833)
    (3, 96.092)
    (1, 98.116)
    (0, 98.396)
    (3, 98.659)
    (2, 98.947)
    (1, 99.253)
    (0, 100.219)
    (3, 100.434)
    (3, 101.162)
    (1, 101.444)
    (0, 101.704)
    (1, 102.512)
    (0, 102.82)
    (3, 103.108)
    (0, 103.396)
    (1, 103.686)
    (3, 104.441)
    (1, 104.763)
    (1, 105.048)
    (3, 105.31)
    (1, 105.616)
    (3, 105.881)
    (2, 106.165)
    (1, 106.456)
    (1, 106.994)
    (0, 107.3)
    (3, 107.568)
    (1, 107.851)
    (1, 108.16)
    (0, 108.962)
    (3, 109.229)
    (0, 109.514)
    (1, 116.031)
    (0, 116.298)
    (3, 116.5)
    (0, 116.761)
    (1, 117.027)
    (1, 118.181)
    (3, 118.401)
    (0, 118.671)
    (1, 118.963)
    (3, 119.209)
    (3, 119.865)
    (0, 120.027)
    (3, 120.137)
    (0, 120.252)
    (1, 120.406)
    (0, 120.648)
    (3, 120.768)
    (0, 120.903)
    (1, 121.168)
    (2, 123.042)
    (3, 123.194)
    (0, 123.313)
    (1, 124.01)
    (0, 124.15)
    (3, 124.78)
    (1, 125.06)
    (0, 125.363)
    (3, 125.667)
    (0, 125.795)
    (2, 126.108)
    (3, 126.491)
    (2, 126.635)
    (1, 126.774)
    (2, 126.915)
    (3, 127.08)
    (0, 127.318)
    (3, 127.47)
    (2, 127.666)
    (1, 127.921)
    (0, 128.07)
    (3, 128.36)
    (2, 129.073)
    (1, 129.321)
    (0, 129.573)
    (3, 129.711)
    (0, 129.844)
    (1, 130.078)
    (2, 130.231)
    (0, 130.59)
    (3, 131.222)
    (0, 131.487)
    (1, 131.733)
    (2, 132.021)
    (1, 132.308)
    (0, 132.907)
    (3, 133.039)
    (0, 133.438)
    (1, 133.575)
    (0, 133.646)
    (3, 134.123)
    (0, 134.255)
    (0, 136.042)
    (3, 136.199)
    (0, 136.344)
    (2, 138.128)
    (1, 138.394)
    (0, 138.687)
    (3, 138.955)
    (0, 139.249)
    (1, 140.022)
    (0, 140.501)
    (3, 140.663)
    (0, 142.536)
    (3, 142.828)
    (0, 143.095)
    (3, 143.395)
    (1, 143.701)
    (1, 144.475)
    (0, 144.763)
    (3, 145.034)
    (3, 145.65)
    (2, 145.924)
    (3, 146.175)
    (1, 146.447)
    (1, 147.023)
    (0, 147.325)
    (3, 147.588)
    (2, 147.855)
    (1, 148.128)
    (0, 149.082)
    (3, 149.294)
    (2, 149.678)
    (3, 149.856)
    (2, 150.331)
    (2, 151.645)
    (1, 152.332)
    (3, 153.156)
    (0, 153.76)
    (3, 154.306)
    (1, 154.556)
    (3, 155.269)
    (1, 155.873)
    (0, 156.411)
    (1, 156.677)
    (3, 157.502)
    (1, 158.204)
    (3, 158.682)
    (1, 159.254)
    (0, 159.759)
    (3, 160.386)
    (1, 160.944)
    (3, 161.234)
    (1, 161.939)
    (0, 162.572)
    (2, 163.052)
    (0, 163.343)
    (3, 164.177)
    (1, 164.77)
    (2, 165.287)
    (1, 165.559)
    (3, 166.361)
    (1, 167.031)
    (3, 167.532)
    (0, 167.843)
